receptor = protein.pdbqt

center_x = 28.531000
center_y = 27.571590
center_z = 20.766463

size_x = 50
size_y = 50
size_z = 50

num_modes = 9
