x = 168.279698
y = 176.439484
z = 180.397000
