receptor = protein.pdbqt

center_x = 40.782632
center_y = -3.106316
center_z = 1.488185

size_x = 50
size_y = 50
size_z = 50

num_modes = 9
