receptor = protein.pdbqt

center_x = 66.072395
center_y = 26.687295
center_z = 24.633623

size_x = 50
size_y = 50
size_z = 50

num_modes = 9
