receptor = protein.pdbqt

center_x = 168.279698
center_y = 176.439484
center_z = 180.397000

size_x = 100
size_y = 100
size_z = 100

num_modes = 9