receptor = protein.pdbqt

center_x = 19.891992
center_y = 29.790
center_z = 91.127358

size_x = 50
size_y = 50
size_z = 50

num_modes = 9
