receptor = protein.pdbqt

center_x = -10.904
center_y = 51.601696
center_z = 24.185425

size_x = 50
size_y = 50
size_z = 50

num_modes = 9
