Site 1:
x = 181.186215
y = 169.039394
z = 171.642386

Site 2:
x = 115.186215
y = 208.539394
z = 185.142386

Site 3:
x = 189.686215
y = 186.789394
z = 218.642386