receptor = protein.pdbqt

center_x = 166.9736552
center_y = 181.7237241
center_z = 170.511931

size_x = 60
size_y = 60
size_z = 60

num_modes = 9