receptor = protein.pdbqt

center_x = 189.924712
center_y = 175.285657
center_z = 147.653000

size_x = 60
size_y = 60
size_z = 60

num_modes = 9