receptor = protein.pdbqt

center_x = -28.877504
center_y = 7.788878
center_z = -3.939194

size_x = 50
size_y = 50
size_z = 50

num_modes = 9