receptor = protein.pdbqt

center_x = 17.130372
center_y = 26.373753
center_z = 17.691680

size_x = 50
size_y = 50
size_z = 50

num_modes = 9
