receptor = protein.pdbqt

center_x = 7.878790
center_y = 45.017842
center_z = 19.804418

size_x = 50
size_y = 50
size_z = 50

num_modes = 9
