receptor = protein.pdbqt
exhaustiveness  = 8
center_x = 162.286953424
center_y = 176.262830497
center_z = 163.939349745
size_x = 70.1489398109
size_y = 80.9094382763
size_z = 72.9449968321