Site 1:
x = 189.924712
y = 159.285657
z = 206.153000

# Site 2:
x = 153.924712
y = 186.785657
z = 125.153000

Main Site 3:
x = 167.114
y = 181.161
z = 166.951